   0.0273348212
   0.0285184193
   0.0215037902
   0.0309773579
   0.0090127464
   0.0087684739
   0.0113726392
   0.0096052595
   0.0247052676
   0.0139812251
   0.0288443443
   0.0184934043
   0.0114333423
  -0.0091840466
  -0.0214133646
  -0.0172953641
  -0.0332651720
  -0.0203020811
  -0.0322791826
  -0.0330144689
  -0.0047079920
  -0.0347243805
  -0.0183951189
  -0.0097166712
  -0.0256640558
  -0.0167012026
  -0.0126558324
   0.0041977758
   0.0055024172
   0.0188809446
   0.0027398760
   0.0097804272
  -0.0022320972
   0.0018937980
   0.0023948128
   0.0166437611
   0.0054704971
   0.0076445943
   0.0090808279
   0.0014495519
   0.0053177194
  -0.0014720923
  -0.0046612527
   0.0148573604
   0.0048478940
  -0.0024795889
   0.0074811011
  -0.0250900208
  -0.0290101782
  -0.0401753522
  -0.0339654812
  -0.0423473891
  -0.0465457899
  -0.0387336597
  -0.0414529441
  -0.0473491060
  -0.0462111367
  -0.0406149713
  -0.0457231332
  -0.0401098265
  -0.0229655514
  -0.0376232611
  -0.0325159901
  -0.0205705471
   0.0012240834
  -0.0005951905
   0.0132144359
   0.0008858786
   0.0032791323
   0.0197038850
   0.0037286453
   0.0056505848
   0.0165780245
  -0.0035317423
   0.0196861074
  -0.0007171714
   0.0095734932
  -0.0291403507
  -0.0378755637
  -0.0465872060
  -0.0368449511
  -0.0513776559
  -0.0537450043
  -0.0496261948
  -0.0448548727
  -0.0541955235
  -0.0553010265
  -0.0528319366
  -0.0399748403
  -0.0497710746
  -0.0525902987
  -0.0477120796
  -0.0345868205
  -0.0433966973
  -0.0304490859
  -0.0222173099
   0.0040265529
   0.0032652872
   0.0134252375
   0.0029449702
   0.0026491679
   0.0047247578
   0.0096170426
   0.0003669139
   0.0094642853
   0.0119608128
   0.0029812604
   0.0035206911
  -0.0022169580
  -0.0017354049
   0.0041915853
   0.0056129251
   0.0035828762
  -0.0378040822
   0.0028667984
  -0.0009015289
  -0.0029602257
   0.0296242711
   0.0353350452
   0.0315790680
   0.0303213305
   0.0496568712
   0.0366855134
   0.0320621731
   0.0300939156
   0.0375173845
   0.0307095839
   0.0375895402
   0.0222114055
   0.0028637651
   0.0274079060
   0.0205685608
   0.0096328594
  -0.0082834512
  -0.0026521796
   0.0233085878
   0.0175534165
   0.0120249523
   0.0179932286
   0.0246611757
   0.0200832617
   0.0183631132
   0.0222487121
   0.0150800716
   0.0072972265
   0.0165004070
   0.0226896383
   0.0258189355
   0.0198243376
   0.0069564477
  -0.0188771825
   0.0050110915
   0.0365474554
   0.0255945808
   0.0440322515
   0.0252039649
   0.0360205494
   0.0441867014
   0.0260263447
   0.0365762313
   0.0371494189
   0.0272772556
  -0.0097338585
   0.0021773736
   0.0103028646
   0.0048204129
  -0.0170429679
   0.0101932877
   0.0046869956
  -0.0190667347
   0.0012779625
   0.0056885105
   0.0055505099
   0.0024400879
  -0.0032552194
   0.0063518315
   0.0070999030
  -0.0148846392
   0.0022303221
   0.0083146138
   0.0081563477
  -0.0238098144
   0.0009634305
  -0.0248088339
  -0.0003498108
  -0.0258996683
  -0.0096744442
   0.0033994518
   0.0085994847
   0.0052320549
   0.0041501142
   0.0010706283
   0.0073398169
   0.0067009456
   0.0065093273
   0.0026681278
   0.0008669544
   0.0022264352
   0.0026498446
  -0.0041471690
   0.0009130258
   0.0031188796
   0.0033563656
  -0.0027093453
  -0.0187337074
  -0.0066476357
  -0.0378386140
   0.0043599083
  -0.0055914106
  -0.0330140246
   0.0022332827
   0.0034124534
  -0.0019492917
  -0.0188121087
   0.0009372110
   0.0018161629
   0.0026271118
  -0.0050470787
   0.0014896572
   0.0023006549
  -0.0211014311
  -0.0041571559
  -0.0228952874
  -0.0013823215
   0.0043586950
  -0.0265721020
  -0.0023857471
   0.0036612852
  -0.0068286841
   0.0224112144
   0.0246992058
   0.0320847350
   0.0233187813
   0.0177061872
   0.0238074412
   0.0252547556
   0.0086446649
   0.0075278382
   0.0108881001
   0.0074607389
   0.0188561117
   0.0102421521
   0.0334357674
   0.0141231874
   0.0220128270
   0.0134823754
   0.0090705096
  -0.0053913016
  -0.0132498505
  -0.0103120105
  -0.0210188101
  -0.0129030208
  -0.0233622278
  -0.0192895964
   0.0025358189
  -0.0240210331
  -0.0189626012
  -0.0151280592
  -0.0222777391
  -0.0114104168
  -0.0073069691
  -0.0162359439
  -0.0100525552
  -0.0075507928
   0.0026700049
   0.0028806859
   0.0107735897
   0.0006675525
   0.0056718220
  -0.0034321132
   0.0006648026
   0.0027903958
   0.0096234831
   0.0037431482
   0.0054841898
   0.0053876778
   0.0024503048
   0.0015857901
  -0.0019164375
  -0.0056833493
   0.0084749671
   0.0030233405
  -0.0034370718
   0.0035994606
  -0.0179498273
  -0.0196843818
  -0.0289560182
  -0.0245124283
  -0.0305492279
  -0.0349016693
  -0.0287058117
  -0.0287748827
  -0.0360923454
  -0.0363243403
  -0.0277169331
  -0.0356035899
  -0.0362430456
  -0.0279410295
  -0.0338269042
  -0.0295693220
  -0.0137069565
  -0.0262534692
  -0.0230377465
  -0.0140683054
   0.0009846675
  -0.0025906701
   0.0078058267
  -0.0011334627
   0.0005966319
   0.0110440958
   0.0030739123
   0.0012863489
   0.0093509641
  -0.0045490386
  -0.0022787561
  -0.0126996194
   0.0045789108
  -0.0215191753
  -0.0273005184
  -0.0347131369
  -0.0267992274
  -0.0385915503
  -0.0416480230
  -0.0371043347
  -0.0403624104
  -0.0442098570
  -0.0435755373
  -0.0378050695
  -0.0396078583
  -0.0437426275
  -0.0430670951
  -0.0368886397
  -0.0369613170
  -0.0400825228
  -0.0343638018
  -0.0246580609
  -0.0315355056
  -0.0208936579
  -0.0160677732
   0.0032924532
   0.0016506312
   0.0076695504
  -0.0002163331
   0.0024026587
   0.0024154452
   0.0072961776
   0.0080998507
   0.0074233469
   0.0085655197
   0.0063221101
   0.0002989462
   0.0015822602
  -0.0033244980
   0.0010332775
   0.0026736295
   0.0018954660
   0.0021745081
  -0.0036745901
   0.0256959809
   0.0288700387
   0.0267057321
   0.0257060996
   0.0376392921
   0.0302758039
   0.0274706569
   0.0258066819
   0.0381708519
   0.0309711977
   0.0273012253
   0.0255847146
   0.0399488525
   0.0313245947
   0.0264855317
   0.0306302213
   0.0198479750
   0.0105884906
  -0.0047153529
   0.0224642088
   0.0174616026
   0.0101345090
  -0.0007082801
  -0.0057646906
   0.0193818320
   0.0150885936
   0.0100436017
   0.0118760886
   0.0170080879
   0.0208528097
   0.0162852651
   0.0143570035
   0.0179842213
   0.0129626764
   0.0059802017
   0.0091809965
   0.0152291937
   0.0189531298
   0.0210346309
   0.0163789446
   0.0077039572
  -0.0077226520
   0.0196823699
   0.0105162850
  -0.0068079993
   0.0296197550
   0.0220912547
   0.0363653299
   0.0214492526
   0.0296243739
   0.0392170070
   0.0156672982
   0.0260020321
   0.0325103638
   0.0365103057
   0.0083604882
   0.0224790956
   0.0302876065
   0.0301177827
   0.0234504267
  -0.0012072532
   0.0059421196
  -0.0000559086
   0.0079226461
   0.0043544834
  -0.0055506420
   0.0057624315
  -0.0006667020
   0.0041389096
  -0.0029397376
   0.0029522334
   0.0035237200
   0.0016934340
  -0.0046164339
  -0.0001051253
   0.0045415606
   0.0043972954
  -0.0207930492
  -0.0051140102
   0.0030942228
   0.0058548169
   0.0049101020
  -0.0099097590
   0.0014028714
   0.0065007684
  -0.0300983717
  -0.0087520442
   0.0014566429
   0.0067463591
  -0.0126973327
  -0.0023562037
   0.0039270359
   0.0061586439
   0.0032413439
   0.0028253695
  -0.0006499398
   0.0021666418
   0.0050959456
   0.0041241878
   0.0039011001
   0.0002911349
  -0.0004857385
   0.0000150799
   0.0009585929
  -0.0022968776
  -0.0046795855
  -0.0001543302
  -0.0001089807
   0.0014066806
  -0.0009654003
  -0.0083717237
  -0.0203887425
   0.0016627439
  -0.0040139935
  -0.0164691320
   0.0012907546
  -0.0033930619
  -0.0148993239
  -0.0007269160
   0.0012651063
  -0.0006830395
  -0.0082176194
  -0.0224016188
  -0.0004990430
  -0.0003604478
   0.0008234689
  -0.0025720449
  -0.0052124392
   0.0003766766
   0.0000871518
  -0.0168180812
  -0.0076013348
  -0.0239091249
  -0.0059924018
   0.0003953496
  -0.0120106146
  -0.0016979021
   0.0022019099
  -0.0077386676
  -0.0005363932
  -0.0105983370
   0.0187865278
   0.0208999741
   0.0250753500
   0.0233418363
   0.0194545713
   0.0205733330
   0.0157593978
   0.0074073812
  -0.0112466526
   0.0201485968
   0.0223789453
   0.0212380038
   0.0080046685
   0.0069406065
   0.0100779988
   0.0064379161
   0.0151921490
   0.0083156264
   0.0257328422
   0.0101754744
   0.0209337931
   0.0066404246
   0.0287865958
   0.0176499815
   0.0107583147
   0.0078338201
  -0.0028589178
  -0.0081887779
  -0.0058290309
  -0.0078509543
  -0.0133956077
  -0.0078682621
  -0.0153277369
  -0.0125809817
  -0.0165451766
  -0.0073485519
  -0.0161230376
  -0.0121556209
  -0.0105992279
  -0.0143958217
  -0.0067547178
  -0.0050233511
  -0.0102699082
  -0.0056555005
  -0.0041769434
   0.0021155160
   0.0025407005
   0.0067370959
   0.0002573804
   0.0037838813
  -0.0029293423
   0.0005258361
   0.0029013404
   0.0061278822
   0.0035754607
   0.0047525606
   0.0038055830
   0.0030620218
   0.0000019084
  -0.0016120469
  -0.0053320859
   0.0025827852
  -0.0076880247
  -0.0033239611
   0.0019291864
  -0.0131182525
  -0.0132471824
  -0.0220151206
  -0.0185355208
  -0.0217578737
  -0.0271550306
  -0.0244429372
  -0.0193156111
  -0.0275831595
  -0.0290973322
  -0.0180796242
  -0.0270122699
  -0.0289187013
  -0.0236688504
  -0.0187195814
  -0.0259116342
  -0.0245793432
  -0.0194390518
  -0.0173434389
  -0.0097254023
   0.0003566755
   0.0047164332
  -0.0006411887
   0.0067455937
   0.0020993370
  -0.0007486725
   0.0054182215
  -0.0045835474
  -0.0027813414
  -0.0091740781
   0.0020308241
  -0.0163750022
  -0.0206347086
  -0.0274425070
  -0.0203141395
  -0.0267287475
  -0.0332817745
  -0.0326619327
  -0.0247658434
  -0.0286187282
  -0.0350442571
  -0.0362454514
  -0.0336781507
  -0.0345731777
  -0.0358028044
  -0.0330353929
  -0.0253625607
  -0.0319326427
  -0.0308736428
  -0.0187266887
  -0.0246507365
  -0.0120233263
   0.0023155521
   0.0011032033
   0.0048139795
  -0.0009454296
   0.0018605057
   0.0014971547
   0.0007504349
  -0.0056582928
   0.0054167147
  -0.0130274189
  -0.0008191181
   0.0042770787
   0.0059832609
   0.0053452696
   0.0057184106
   0.0040821740
  -0.0004612678
   0.0007745420
  -0.0034287470
  -0.0004925017
   0.0005254457
   0.0003124693
   0.0008490828
  -0.0005725069
  -0.0061093243
  -0.0204363387
   0.0000250029
  -0.0037445713
   0.0228650417
   0.0256366361
   0.0234880925
   0.0320386940
   0.0263534665
   0.0240476860
   0.0225683173
   0.0326629260
   0.0269323379
   0.0239703758
   0.0224742793
   0.0338739091
   0.0272151628
   0.0234772657
   0.0272160598
   0.0096774346
  -0.0028925055
   0.0201746474
   0.0153235543
   0.0089468957
  -0.0004063405
  -0.0093165077
   0.0169118766
   0.0122586976
   0.0072206392
   0.0092530307
   0.0146070057
   0.0187267068
   0.0136476658
   0.0116207267
   0.0153494409
   0.0100925811
   0.0031438607
   0.0065586884
   0.0127257207
   0.0166078275
   0.0186451456
   0.0142264006
   0.0069599662
  -0.0057528569
   0.0097021285
  -0.0041399896
   0.0256938054
   0.0183670862
   0.0319729978
   0.0078315653
   0.0191604519
   0.0258523728
   0.0346134659
   0.0145843099
   0.0226990796
   0.0282953166
   0.0320212682
   0.0094293089
   0.0199732147
   0.0263516241
   0.0260814091
   0.0195561774
  -0.0019787418
   0.0033511205
  -0.0031302427
   0.0052494089
   0.0013384985
  -0.0090926329
   0.0030846000
  -0.0039985055
  -0.0037399830
   0.0012970958
   0.0022154797
   0.0004481706
  -0.0062281153
  -0.0019297740
   0.0027355974
   0.0029208341
  -0.0129135691
  -0.0022886199
   0.0028381174
   0.0043480903
  -0.0205066432
  -0.0049427108
   0.0022804265
  -0.0179592779
  -0.0045844558
   0.0022878080
  -0.0176834840
  -0.0084304256
  -0.0007166822
   0.0034022436
   0.0047097564
   0.0018998420
   0.0015753111
  -0.0022735258
   0.0003177255
   0.0033724012
   0.0027498739
   0.0023047421
  -0.0010781173
  -0.0015365047
  -0.0011699341
  -0.0005299590
  -0.0038083602
  -0.0059360718
  -0.0011277946
   0.0000845580
  -0.0010108584
  -0.0056674234
  -0.0147464255
  -0.0024702072
  -0.0104196539
  -0.0273365975
   0.0005986342
  -0.0023039600
  -0.0094158070
  -0.0255198673
  -0.0001979242
  -0.0009158416
  -0.0054027162
  -0.0151845460
  -0.0014740983
  -0.0015008912
  -0.0006402456
  -0.0040325664
  -0.0063335453
  -0.0003238925
  -0.0011595567
  -0.0080522544
  -0.0089765843
  -0.0019983955
  -0.0153893182
  -0.0045413382
  -0.0001544555
  -0.0108707147
  -0.0028874008
  -0.0107726228
   0.0158494050
   0.0202716790
   0.0196360390
   0.0196865908
   0.0167262005
   0.0176663222
   0.0135331166
   0.0066565878
  -0.0076046449
   0.0180428636
   0.0140013137
   0.0175577653
   0.0192061628
   0.0244205463
   0.0180643030
   0.0072123432
   0.0101168042
   0.0063715333
   0.0091220299
   0.0057870151
   0.0126064885
   0.0071305602
   0.0205494285
   0.0080633976
   0.0164160418
   0.0077235385
   0.0229184784
   0.0106056810
   0.0145683262
   0.0057886626
   0.0090376668
   0.0069999327
  -0.0012359997
  -0.0050191465
  -0.0030110868
  -0.0052647068
  -0.0085688544
  -0.0045293881
  -0.0105875468
  -0.0065723169
  -0.0100192341
  -0.0105052481
  -0.0020858821
  -0.0103699893
  -0.0104612479
  -0.0015002633
  -0.0110318887
  -0.0058668795
  -0.0073282699
  -0.0093230855
  -0.0036761964
  -0.0032827471
  -0.0064485383
  -0.0028237582
  -0.0020032319
   0.0017981402
   0.0025920569
   0.0002350648
   0.0026985025
   0.0006533981
   0.0027157692
   0.0040418778
   0.0035513610
   0.0043383339
   0.0028812972
   0.0032530274
  -0.0006826125
  -0.0012147182
  -0.0047080642
   0.0024792892
  -0.0050830765
  -0.0029408902
   0.0011723571
  -0.0098140668
  -0.0093538580
  -0.0163202740
  -0.0140964016
  -0.0151136633
  -0.0203953715
  -0.0200094540
  -0.0125389444
  -0.0207438583
  -0.0230729732
  -0.0201871550
  -0.0195315632
  -0.0232753898
  -0.0228411608
  -0.0196106296
  -0.0225920738
  -0.0205971993
  -0.0114346378
  -0.0187230915
  -0.0194653586
  -0.0151370605
  -0.0137763065
  -0.0128137768
  -0.0068052814
  -0.0003167980
   0.0027447884
  -0.0013310347
   0.0043137646
   0.0011744683
  -0.0017365293
   0.0030416484
  -0.0043635627
  -0.0029225517
  -0.0070248306
   0.0006290853
  -0.0128626835
  -0.0159627339
  -0.0212216151
  -0.0157236773
  -0.0247956498
  -0.0266847370
  -0.0238608824
  -0.0265658577
  -0.0294502404
  -0.0288963857
  -0.0246438776
  -0.0281228853
  -0.0302081699
  -0.0296445403
  -0.0261977783
  -0.0257821332
  -0.0287531304
  -0.0280282534
  -0.0231951226
  -0.0234872899
  -0.0250729259
  -0.0213062672
  -0.0142914027
  -0.0186323157
   0.0013930210
   0.0007981435
   0.0031543998
   0.0012891316
   0.0009747808
   0.0002788203
  -0.0038895842
   0.0034289397
  -0.0070208683
   0.0004277680
   0.0035237885
   0.0043510902
   0.0008976682
   0.0036593307
   0.0044790067
   0.0039889781
   0.0035794704
   0.0026842094
  -0.0006109965
   0.0003295457
  -0.0033220538
  -0.0107343820
  -0.0049256870
  -0.0011724151
  -0.0005027384
  -0.0003548216
  -0.0009065964
  -0.0039912813
  -0.0118221860
  -0.0005177354
  -0.0008132879
  -0.0017822793
  -0.0063828180
  -0.0036634375
   0.0207438277
   0.0270235859
   0.0229929289
   0.0211967488
   0.0199513706
   0.0276376311
   0.0234693771
   0.0213874217
   0.0200261760
   0.0282139727
   0.0237788335
   0.0212318731
   0.0288486953
   0.0238986246
   0.0209638894
   0.0236943248
  -0.0029191104
   0.0152821355
   0.0093699533
   0.0009897726
   0.0172665549
   0.0131148237
   0.0078075569
   0.0008278320
  -0.0045508212
   0.0145556393
   0.0104400293
   0.0064580012
   0.0080612221
   0.0126373304
   0.0160990956
   0.0116777550
   0.0096275798
   0.0128772072
   0.0082808762
   0.0029215966
   0.0055086755
   0.0107261220
   0.0140208711
   0.0157149797
   0.0118117922
   0.0056710742
  -0.0039526705
   0.0146026452
   0.0086730812
  -0.0009502911
   0.0270074125
   0.0157492775
   0.0217448278
   0.0304002160
   0.0134794913
   0.0199229033
   0.0247606790
   0.0303550499
   0.0138791215
   0.0201753487
   0.0249096559
   0.0270638216
   0.0166211946
   0.0222542079
   0.0219609920
   0.0164079583
   0.0021526571
  -0.0030644392
   0.0031984753
  -0.0007860590
   0.0030998561
  -0.0010038281
   0.0017212288
  -0.0040965928
  -0.0034445680
   0.0002350881
   0.0013611622
  -0.0004062741
  -0.0054098174
  -0.0024671639
   0.0013651798
   0.0018693317
  -0.0107855803
  -0.0027835245
   0.0014874078
   0.0029072267
   0.0020797074
  -0.0102599140
  -0.0019833536
   0.0022181411
  -0.0128921287
  -0.0082912947
  -0.0013454055
   0.0025344025
  -0.0122502399
  -0.0067776120
  -0.0011458528
   0.0021555583
   0.0032176702
   0.0012072802
   0.0007564352
  -0.0021791994
  -0.0004215558
   0.0020815123
   0.0018484709
   0.0012573505
  -0.0019090509
  -0.0019361868
  -0.0017659085
  -0.0015287130
  -0.0040984288
  -0.0054053934
  -0.0018251986
  -0.0009612009
  -0.0018531580
  -0.0054740769
  -0.0118419704
  -0.0017740463
  -0.0059937305
  -0.0142630157
  -0.0067919603
  -0.0176342679
  -0.0005437740
  -0.0017589984
  -0.0055697888
  -0.0135985127
  -0.0011803532
  -0.0018205552
  -0.0053834056
  -0.0123381096
  -0.0018120142
  -0.0020003738
  -0.0016201698
  -0.0042603921
  -0.0055497142
  -0.0010712671
  -0.0018982749
  -0.0075233783
  -0.0087421361
  -0.0029627029
  -0.0164674765
  -0.0064229155
  -0.0019010051
  -0.0178139015
  -0.0069777874
  -0.0022090811
  -0.0107402393
  -0.0039044997
  -0.0098143014
