1.359957456588745117e+00
1.415580868721008301e+00
1.395915150642395020e+00
1.482466578483581543e+00
1.642265200614929199e+00
1.229463100433349609e+00
9.524794220924377441e-01
1.137777686119079590e+00
9.227470159530639648e-01
7.810526490211486816e-01
1.157142996788024902e+00
1.309455871582031250e+00
1.587198257446289062e+00
1.526503801345825195e+00
1.496185183525085449e+00
1.780895113945007324e+00
1.637299180030822754e+00
1.929338216781616211e+00
1.764876723289489746e+00
1.437303900718688965e+00
1.470652341842651367e+00
1.005073785781860352e+00
1.219521999359130859e+00
9.610145092010498047e-01
7.128989696502685547e-01
5.727110505104064941e-01
8.694503903388977051e-01
1.247641324996948242e+00
1.175685882568359375e+00
1.122797846794128418e+00
1.891473174095153809e+00
1.603554606437683105e+00
1.633472919464111328e+00
1.563907265663146973e+00
1.746544718742370605e+00
1.008567452430725098e+00
1.216007828712463379e+00
1.048073410987854004e+00
7.233541011810302734e-01
7.001520991325378418e-01
6.976609826087951660e-01
7.922404408454895020e-01
9.846279621124267578e-01
9.625159502029418945e-01
9.540889859199523926e-01
9.931295514106750488e-01
1.135947227478027344e+00
5.841276645660400391e-01
8.049946427345275879e-01
6.395146250724792480e-01
7.242996692657470703e-01
8.550841808319091797e-01
9.010239839553833008e-01
6.893802285194396973e-01
9.008053541183471680e-01
6.021934747695922852e-01
9.413001537322998047e-01
1.284287691116333008e+00
5.520560741424560547e-01
6.816465258598327637e-01
8.030255436897277832e-01
9.012241363525390625e-01
7.739645242691040039e-01
8.355555534362792969e-01
1.120330452919006348e+00
9.634198546409606934e-01
9.491917490959167480e-01
8.720900416374206543e-01
8.690766096115112305e-01
1.411589264869689941e+00
1.262004852294921875e+00
9.424012303352355957e-01
7.777386307716369629e-01
8.598082661628723145e-01
8.809052705764770508e-01
1.109342932701110840e+00
7.560383677482604980e-01
9.571357965469360352e-01
5.207668542861938477e-01
9.583809375762939453e-01
1.120376348495483398e+00
1.205024123191833496e+00
1.206523537635803223e+00
1.087215662002563477e+00
1.054653048515319824e+00
1.246694087982177734e+00
1.405498266220092773e+00
1.204405307769775391e+00
1.438746213912963867e+00
1.140915989875793457e+00
1.014580607414245605e+00
1.271697044372558594e+00
1.213883042335510254e+00
7.958253026008605957e-01
1.076911926269531250e+00
1.203908205032348633e+00
1.574557185173034668e+00
1.206043601036071777e+00
1.179619073867797852e+00
1.356555104255676270e+00
1.372337341308593750e+00
